                0
           00    00000
        0000      00  0000
    00000        0000    00000
 0000           000000       0000
000              0   000       000
000     00            000      000
000  000000             00     000
000   000                000   000
000     00             000000  000
000      000            00     000
000       000   0              000
 0000       000000           0000
    00000    000         00000
        0000  000     0000
            00000    00
                0

